#Test account SK

SECRET_KEY= "[
    71, 214, 173, 154,  93,  32,  62,  19, 147, 149, 204,
    85,  87, 205,  36, 236,  85, 100, 109,  17,  82,  89,
    38,  24, 156, 249, 197, 238,  29,  74, 184, 232, 164,
   234,  86, 238, 167, 153, 104, 191,  59,  78, 105,  12,
   134, 109, 189, 252, 238, 104, 197, 132, 183, 140,   5,
   173,  26,  58, 102, 168, 103, 129, 227, 171
 ]"




#TOKEN SWAP STATE ACCOUNT SK:
# SECRET_KEY = "[111, 187,  38, 210, 139,  66, 179, 153,   2, 123,  36,
#    102, 118, 140, 251, 101, 103, 116, 143, 252, 175,  78,
#     50, 156,  79, 102, 196,  27, 119,  13,  83, 252, 207,
#     33, 157, 125,  26,  76, 124, 134, 219, 202, 110,  36,
#     53, 169,  65,   3, 107, 252, 110, 111, 222,  62, 196,
#     87, 248, 246,  32, 248, 196, 188, 253,  92
# ]"


#TOKEN SWAP STATE ACCOUNT PK:
#EwZ88NbGGPitzRAzq6YrTz3RCKedxN3RhZM49KjJCm8F
